2015 5 01 00 10
2015 5 01 00 10
2015 5 01 00 19
2015 5 01 01 27
2015 5 01 02 17
2015 5 01 02 28
2015 5 01 02 28
2015 5 01 02 28
2015 5 01 02 28
2015 5 01 02 28
2015 5 01 02 28
2015 5 01 02 51
2015 5 01 05 12
2015 5 01 05 30
2015 5 01 05 48
2015 5 01 06 23
2015 5 01 07 18
2015 5 01 09 01
2015 5 01 09 17
2015 5 01 09 18
2015 5 01 10 21
2015 5 01 12 06
2015 5 01 12 06
2015 5 01 12 33
2015 5 01 13 13
2015 5 01 14 03
2015 5 01 14 44
2015 5 01 16 28
2015 5 01 17 00
2015 5 01 17 00
2015 5 01 17 00
2015 5 01 17 00
2015 5 01 17 00
2015 5 01 17 00
2015 5 01 17 31
2015 5 01 18 06
2015 5 01 18 06
2015 5 01 18 26
2015 5 01 18 33
2015 5 01 19 28
2015 5 01 19 53
2015 5 01 19 53
2015 5 01 20 17
2015 5 01 20 17
2015 5 01 21 00
2015 5 01 21 10
2015 5 01 21 10
2015 5 01 21 10
2015 5 01 21 10
2015 5 01 21 10
2015 5 01 21 10
2015 5 01 21 11
2015 5 01 21 11
2015 5 01 21 17
2015 5 01 21 17
2015 5 01 22 14
2015 5 01 22 21
2015 5 01 22 21
2015 5 01 22 35
2015 5 01 22 35
2015 5 01 23 09
2015 5 01 23 09
2015 5 01 23 32
2015 5 01 23 32
2015 5 01 23 36
2015 5 01 23 36
2015 5 01 23 44
2015 5 01 23 44
2015 5 01 23 58
2015 5 02 00 27
2015 5 02 00 48
2015 5 02 00 48
2015 5 02 00 54
2015 5 02 00 54
2015 5 02 01 05
2015 5 02 01 31
2015 5 02 01 59
2015 5 02 01 59
2015 5 02 02 02
2015 5 02 02 03
2015 5 02 05 03
2015 5 02 05 04
2015 5 02 05 04
2015 5 02 05 04
2015 5 02 05 04
2015 5 02 05 04
2015 5 02 05 06
2015 5 02 05 06
2015 5 02 05 06
2015 5 02 05 06
2015 5 02 05 06
2015 5 02 05 06
2015 5 02 05 06
2015 5 02 05 49
2015 5 02 08 04
2015 5 02 08 04
2015 5 02 08 04
2015 5 02 08 04
2015 5 02 08 04
2015 5 02 08 04
2015 5 02 08 24
2015 5 02 08 24
2015 5 02 08 24
2015 5 02 08 25
2015 5 02 08 25
2015 5 02 08 25
2015 5 02 08 25
2015 5 02 08 25
2015 5 02 09 41
2015 5 02 11 07
2015 5 02 11 36
2015 5 02 11 36
2015 5 02 12 24
2015 5 02 12 36
2015 5 02 12 36
2015 5 02 13 38
2015 5 02 15 06
2015 5 02 15 07
2015 5 02 15 10
2015 5 02 15 10
2015 5 02 15 10
2015 5 02 15 10
2015 5 02 15 10
2015 5 02 15 11
2015 5 02 15 26
2015 5 02 15 37
2015 5 02 15 38
2015 5 02 15 38
2015 5 02 15 38
2015 5 02 15 38
2015 5 02 15 38
2015 5 02 15 38
2015 5 02 15 38
2015 5 02 16 07
2015 5 02 16 07
2015 5 02 16 07
2015 5 02 16 07
2015 5 02 16 07
2015 5 02 16 07
2015 5 02 16 50
2015 5 02 16 50
2015 5 02 17 00
2015 5 02 17 14
2015 5 02 18 03
2015 5 02 18 28
2015 5 02 18 28
2015 5 02 18 28
2015 5 02 18 28
2015 5 02 18 28
2015 5 02 18 28
2015 5 02 18 32
2015 5 02 18 32
2015 5 02 18 37
2015 5 02 19 15
2015 5 02 19 15
2015 5 02 19 15
2015 5 02 19 18
2015 5 02 19 25
2015 5 02 19 25
2015 5 02 19 37
2015 5 02 19 41
2015 5 02 21 06
2015 5 02 21 11
2015 5 02 21 32
2015 5 02 21 32
2015 5 02 21 40
2015 5 02 21 40
2015 5 02 22 01
2015 5 02 22 01
2015 5 02 22 41
2015 5 02 22 42
2015 5 02 22 42
2015 5 02 22 43
2015 5 02 22 44
2015 5 02 22 45
2015 5 02 22 47
2015 5 02 22 57
2015 5 03 00 19
2015 5 03 00 19
2015 5 03 01 32
2015 5 03 01 33
2015 5 03 01 33
2015 5 03 01 33
2015 5 03 01 33
2015 5 03 01 33
2015 5 03 01 33
2015 5 03 01 33
2015 5 03 01 33
2015 5 03 01 33
2015 5 03 01 33
2015 5 03 01 35
2015 5 03 01 44
2015 5 03 01 44
2015 5 03 01 57
2015 5 03 01 57
2015 5 03 02 03
2015 5 03 02 03
2015 5 03 02 06
2015 5 03 02 07
2015 5 03 02 09
2015 5 03 03 03
2015 5 03 03 03
2015 5 03 03 27
2015 5 03 03 27
2015 5 03 03 27
2015 5 03 03 27
2015 5 03 03 27
2015 5 03 03 27
2015 5 03 05 04
2015 5 03 07 02
2015 5 03 07 02
2015 5 03 07 02
2015 5 03 07 02
2015 5 03 07 02
2015 5 03 07 02
2015 5 03 08 04
2015 5 03 08 04
2015 5 03 09 53
2015 5 03 09 53
2015 5 03 09 53
2015 5 03 10 42
2015 5 03 10 42
2015 5 03 11 00
2015 5 03 11 00
2015 5 03 11 17
2015 5 03 11 17
2015 5 03 11 24
2015 5 03 11 25
2015 5 03 12 12
2015 5 03 12 13
2015 5 03 12 13
2015 5 03 12 13
2015 5 03 12 13
2015 5 03 12 13
2015 5 03 12 44
2015 5 03 12 44
2015 5 03 12 44
2015 5 03 12 44
2015 5 03 12 44
2015 5 03 12 44
2015 5 03 12 56
2015 5 03 13 00
2015 5 03 13 00
2015 5 03 13 00
2015 5 03 13 00
2015 5 03 13 00
2015 5 03 13 00
2015 5 03 13 09
2015 5 03 13 14
2015 5 03 13 14
2015 5 03 13 14
2015 5 03 13 14
2015 5 03 13 14
2015 5 03 13 34
2015 5 03 13 34
2015 5 03 13 34
2015 5 03 13 34
2015 5 03 13 34
2015 5 03 13 34
2015 5 03 14 04
2015 5 03 14 04
2015 5 03 14 18
2015 5 03 14 18
2015 5 03 14 41
2015 5 03 14 41
2015 5 03 14 41
2015 5 03 14 41
2015 5 03 14 42
2015 5 03 14 42
2015 5 03 15 23
2015 5 03 15 23
2015 5 03 15 26
2015 5 03 15 26
2015 5 03 15 31
2015 5 03 15 38
2015 5 03 15 38
2015 5 03 15 38
2015 5 03 15 38
2015 5 03 15 38
2015 5 03 15 38
2015 5 03 16 48
2015 5 03 16 48
2015 5 03 16 48
2015 5 03 16 48
2015 5 03 16 48
2015 5 03 16 48
2015 5 03 17 12
2015 5 03 17 13
2015 5 03 18 25
2015 5 03 19 03
2015 5 03 19 03
2015 5 03 20 53
2015 5 03 20 53
2015 5 03 20 54
2015 5 03 22 28
2015 5 03 23 17
2015 5 03 23 43
2015 5 04 00 18
2015 5 04 00 41
2015 5 04 00 46
2015 5 04 00 47
2015 5 04 00 56
2015 5 04 00 56
2015 5 04 00 57
2015 5 04 00 57
2015 5 04 00 57
2015 5 04 00 57
2015 5 04 00 57
2015 5 04 00 57
2015 5 04 00 57
2015 5 04 00 57
2015 5 04 00 57
2015 5 04 00 57
2015 5 04 01 37
2015 5 04 01 51
2015 5 04 01 51
2015 5 04 01 51
2015 5 04 01 51
2015 5 04 01 51
2015 5 04 01 52
2015 5 04 02 05
2015 5 04 02 05
2015 5 04 05 03
2015 5 04 05 03
2015 5 04 05 03
2015 5 04 05 03
2015 5 04 05 03
2015 5 04 05 03
2015 5 04 05 34
2015 5 04 05 34
2015 5 04 05 35
2015 5 04 06 15
2015 5 04 06 24
2015 5 04 06 24
2015 5 04 06 24
2015 5 04 06 25
2015 5 04 06 25
2015 5 04 06 25
2015 5 04 06 26
2015 5 04 07 25
2015 5 04 07 28
2015 5 04 07 34
2015 5 04 07 35
2015 5 04 07 35
2015 5 04 07 35
2015 5 04 07 35
2015 5 04 07 35
2015 5 04 07 35
2015 5 04 07 59
2015 5 04 08 36
2015 5 04 08 49
2015 5 04 09 07
2015 5 04 09 08
2015 5 04 09 34
2015 5 04 09 56
2015 5 04 10 13
2015 5 04 10 42
2015 5 04 10 42
2015 5 04 11 30
2015 5 04 11 33
2015 5 04 11 33
2015 5 04 11 33
2015 5 04 11 34
2015 5 04 11 34
2015 5 04 12 36
2015 5 04 12 46
2015 5 04 12 48
2015 5 04 12 49
2015 5 04 12 49
2015 5 04 12 49
2015 5 04 12 49
2015 5 04 12 49
2015 5 04 12 49
2015 5 04 12 50
2015 5 04 13 03
2015 5 04 13 25
2015 5 04 13 53
2015 5 04 14 08
2015 5 04 14 23
2015 5 04 14 35
2015 5 04 14 52
2015 5 04 15 55
2015 5 04 16 00
2015 5 04 16 02
2015 5 04 17 56
2015 5 04 17 57
2015 5 04 18 06
2015 5 04 18 22
2015 5 04 18 22
2015 5 04 20 25
2015 5 04 20 26
2015 5 04 20 37
2015 5 04 20 37
2015 5 04 21 06
2015 5 04 21 06
2015 5 04 21 13
2015 5 04 21 13
2015 5 04 22 58
2015 5 04 22 58
2015 5 04 22 59
2015 5 04 23 15
2015 5 04 23 17
2015 5 04 23 17
2015 5 05 00 41
2015 5 05 00 41
2015 5 05 01 48
2015 5 05 01 48
2015 5 05 01 48
2015 5 05 01 48
2015 5 05 01 48
2015 5 05 01 48
2015 5 05 02 30
2015 5 05 06 38
2015 5 05 06 38
2015 5 05 06 40
2015 5 05 08 46
2015 5 05 08 46
2015 5 05 10 16
2015 5 05 10 16
2015 5 05 10 24
2015 5 05 10 27
2015 5 05 10 27
2015 5 05 19 15
2015 5 05 19 44
2015 5 05 20 25
2015 5 05 20 48
2015 5 05 20 48
2015 5 05 21 00
2015 5 05 21 21
2015 5 05 22 22
2015 5 05 22 28
2015 5 05 22 42
2015 5 05 22 43
2015 5 05 22 44
2015 5 05 23 05
2015 5 05 23 52
2015 5 05 23 52
2015 5 05 23 59
2015 5 06 00 30
2015 5 06 00 30
2015 5 06 01 17
2015 5 06 01 17
2015 5 06 01 17
2015 5 06 01 17
2015 5 06 01 17
2015 5 06 01 17
2015 5 06 07 12
2015 5 06 07 13
2015 5 06 07 24
2015 5 06 07 24
2015 5 06 07 25
2015 5 06 07 25
2015 5 06 07 25
2015 5 06 07 25
2015 5 06 07 25
2015 5 06 07 25
2015 5 06 07 25
2015 5 06 07 25
2015 5 06 11 24
2015 5 06 11 24
2015 5 06 11 44
2015 5 06 12 46
2015 5 06 12 46
2015 5 06 12 46
2015 5 06 12 46
2015 5 06 12 46
2015 5 06 12 46
2015 5 06 12 46
2015 5 06 12 53
2015 5 06 12 58
2015 5 06 12 58
2015 5 06 13 15
2015 5 06 13 55
2015 5 06 13 58
2015 5 06 14 14
2015 5 06 15 21
2015 5 06 15 30
2015 5 06 15 30
2015 5 06 15 30
2015 5 06 15 30
2015 5 06 15 30
2015 5 06 15 30
2015 5 06 15 30
2015 5 06 15 30
2015 5 06 15 49
2015 5 06 15 49
2015 5 06 15 50
2015 5 06 15 50
2015 5 06 15 54
2015 5 06 15 57
2015 5 06 15 57
2015 5 06 16 41
2015 5 06 16 41
2015 5 06 17 05
2015 5 06 17 05
2015 5 06 17 09
2015 5 06 17 09
2015 5 06 17 39
2015 5 06 17 49
2015 5 06 17 59
2015 5 06 17 59
2015 5 06 18 00
2015 5 06 18 17
2015 5 06 18 17
2015 5 06 18 17
2015 5 06 18 17
2015 5 06 18 17
2015 5 06 18 17
2015 5 06 18 17
2015 5 06 18 17
2015 5 06 18 24
2015 5 06 18 25
2015 5 06 18 25
2015 5 06 18 25
2015 5 06 18 25
2015 5 06 18 25
2015 5 06 18 25
2015 5 06 18 25
2015 5 06 18 25
2015 5 06 18 25
2015 5 06 18 25
2015 5 06 18 25
2015 5 06 18 25
2015 5 06 18 25
2015 5 06 18 25
2015 5 06 18 25
2015 5 06 18 25
2015 5 06 18 25
2015 5 06 18 25
2015 5 06 18 26
2015 5 06 18 26
2015 5 06 18 26
2015 5 06 18 26
2015 5 06 18 26
2015 5 06 18 26
2015 5 06 18 26
2015 5 06 18 26
2015 5 06 18 26
2015 5 06 18 26
2015 5 06 18 26
2015 5 06 18 26
2015 5 06 18 26
2015 5 06 18 26
2015 5 06 18 26
2015 5 06 18 26
2015 5 06 18 26
2015 5 06 18 26
2015 5 06 18 26
2015 5 06 18 26
2015 5 06 18 26
2015 5 06 18 27
2015 5 06 18 27
2015 5 06 18 28
2015 5 06 18 28
2015 5 06 18 28
2015 5 06 18 28
2015 5 06 18 28
2015 5 06 18 28
2015 5 06 18 32
2015 5 06 18 32
2015 5 06 18 32
2015 5 06 18 32
2015 5 06 18 32
2015 5 06 18 32
2015 5 06 18 32
2015 5 06 18 32
2015 5 06 18 32
2015 5 06 18 32
2015 5 06 18 32
2015 5 06 18 32
2015 5 06 18 32
2015 5 06 18 32
2015 5 06 18 32
2015 5 06 18 32
2015 5 06 18 32
2015 5 06 18 32
2015 5 06 18 32
2015 5 06 18 32
2015 5 06 18 33
2015 5 06 18 33
2015 5 06 18 33
2015 5 06 18 33
2015 5 06 18 34
2015 5 06 18 35
2015 5 06 18 42
2015 5 06 18 42
2015 5 06 18 42
2015 5 06 18 42
2015 5 06 18 42
2015 5 06 18 42
2015 5 06 18 42
2015 5 06 18 42
2015 5 06 18 42
2015 5 06 18 42
2015 5 06 18 43
2015 5 06 18 43
2015 5 06 18 43
2015 5 06 18 43
2015 5 06 18 43
2015 5 06 18 43
2015 5 06 18 43
2015 5 06 18 44
2015 5 06 18 56
2015 5 06 18 56
2015 5 06 18 56
2015 5 06 18 56
2015 5 06 18 56
2015 5 06 18 56
2015 5 06 18 56
2015 5 06 18 56
2015 5 06 18 56
2015 5 06 18 56
2015 5 06 18 57
2015 5 06 18 57
2015 5 06 18 57
2015 5 06 18 57
2015 5 06 18 57
2015 5 06 18 57
2015 5 06 18 57
2015 5 06 18 57
2015 5 06 18 57
2015 5 06 18 57
2015 5 06 18 57
2015 5 06 18 57
2015 5 06 18 57
2015 5 06 18 58
2015 5 06 19 05
2015 5 06 19 12
2015 5 06 19 13
2015 5 06 19 13
2015 5 06 19 13
2015 5 06 19 13
2015 5 06 19 13
2015 5 06 19 13
2015 5 06 19 13
2015 5 06 19 13
2015 5 06 19 13
2015 5 06 19 13
2015 5 06 19 13
2015 5 06 19 13
2015 5 06 19 13
2015 5 06 19 13
2015 5 06 19 13
2015 5 06 19 13
2015 5 06 19 13
2015 5 06 19 13
2015 5 06 19 13
2015 5 06 19 13
2015 5 06 19 13
2015 5 06 19 13
2015 5 06 19 13
2015 5 06 19 13
2015 5 06 19 13
2015 5 06 19 13
2015 5 06 19 13
2015 5 06 19 13
2015 5 06 19 13
2015 5 06 19 14
2015 5 06 19 20
2015 5 06 19 20
2015 5 06 19 20
2015 5 06 19 20
2015 5 06 19 20
2015 5 06 19 20
2015 5 06 19 20
2015 5 06 19 20
2015 5 06 19 21
2015 5 06 19 21
2015 5 06 19 40
2015 5 06 19 40
2015 5 06 19 40
2015 5 06 19 40
2015 5 06 19 40
2015 5 06 19 40
2015 5 06 19 40
2015 5 06 19 40
2015 5 06 19 40
2015 5 06 19 40
2015 5 06 19 40
2015 5 06 19 40
2015 5 06 19 40
2015 5 06 19 40
2015 5 06 19 40
2015 5 06 19 40
2015 5 06 19 40
2015 5 06 19 40
2015 5 06 19 40
2015 5 06 19 40
2015 5 06 19 40
2015 5 06 19 40
2015 5 06 19 40
2015 5 06 19 40
2015 5 06 19 40
2015 5 06 19 40
2015 5 06 19 40
2015 5 06 19 40
2015 5 06 19 40
2015 5 06 19 40
2015 5 06 19 40
2015 5 06 19 40
2015 5 06 19 58
2015 5 06 20 31
2015 5 06 20 40
2015 5 06 20 41
2015 5 06 21 04
2015 5 06 21 04
2015 5 06 22 39
2015 5 06 22 39
2015 5 06 23 02
2015 5 07 00 55
2015 5 07 00 55
2015 5 07 00 55
2015 5 07 00 55
2015 5 07 00 55
2015 5 07 00 55
2015 5 07 01 21
2015 5 07 01 21
2015 5 07 01 22
2015 5 07 01 22
2015 5 07 01 27
2015 5 07 01 27
2015 5 07 01 38
2015 5 07 01 39
2015 5 07 01 39
2015 5 07 01 39
2015 5 07 01 39
2015 5 07 01 39
2015 5 07 01 39
2015 5 07 02 00
2015 5 07 02 00
2015 5 07 02 33
2015 5 07 02 33
2015 5 07 02 34
2015 5 07 04 34
2015 5 07 04 34
2015 5 07 04 38
2015 5 07 04 38
2015 5 07 04 38
2015 5 07 04 38
2015 5 07 04 38
2015 5 07 04 38
2015 5 07 04 38
2015 5 07 04 38
2015 5 07 04 39
2015 5 07 05 00
2015 5 07 05 00
2015 5 07 05 43
2015 5 07 05 44
2015 5 07 07 02
2015 5 07 08 49
2015 5 07 08 49
2015 5 07 09 24
2015 5 07 09 24
2015 5 07 10 10
2015 5 07 11 09
2015 5 07 11 09
2015 5 07 11 09
2015 5 07 11 09
2015 5 07 11 09
2015 5 07 11 09
2015 5 07 11 29
2015 5 07 11 32
2015 5 07 11 37
2015 5 07 13 16
2015 5 07 13 16
2015 5 07 13 16
2015 5 07 13 16
2015 5 07 16 34
2015 5 07 16 34
2015 5 07 16 34
2015 5 07 16 34
2015 5 07 16 34
2015 5 07 16 34
2015 5 07 16 40
2015 5 07 17 03
2015 5 07 17 06
2015 5 07 17 06
2015 5 07 17 36
2015 5 07 17 36
2015 5 07 17 39
2015 5 07 17 39
2015 5 07 17 39
2015 5 07 17 39
2015 5 07 17 39
2015 5 07 17 39
2015 5 07 17 39
2015 5 07 17 39
2015 5 07 17 40
2015 5 07 17 40
2015 5 07 17 40
2015 5 07 17 40
2015 5 07 17 40
2015 5 07 17 40
2015 5 07 18 05
2015 5 07 18 06
2015 5 07 18 06
2015 5 07 18 46
2015 5 07 18 46
2015 5 07 19 17
2015 5 07 19 17
2015 5 07 19 28
2015 5 07 19 28
2015 5 07 19 28
2015 5 07 19 28
2015 5 07 19 28
2015 5 07 19 28
2015 5 07 19 28
2015 5 07 19 29
2015 5 07 19 32
2015 5 07 19 32
2015 5 07 19 34
2015 5 07 19 34
2015 5 07 20 54
2015 5 07 20 57
2015 5 07 20 59
2015 5 07 21 29
2015 5 07 21 29
2015 5 07 21 49
2015 5 07 21 49
2015 5 07 22 28
2015 5 07 22 28
2015 5 07 22 32
2015 5 07 22 32
2015 5 07 23 21
2015 5 07 23 21
2015 5 07 23 39
2015 5 07 23 39
2015 5 07 23 51
2015 5 07 23 51
2015 5 07 23 53
2015 5 07 23 53
2015 5 08 00 07
2015 5 08 00 07
2015 5 08 00 22
2015 5 08 00 22
2015 5 08 00 24
2015 5 08 00 24
2015 5 08 00 45
2015 5 08 00 45
2015 5 08 00 59
2015 5 08 00 59
2015 5 08 00 59
2015 5 08 00 59
2015 5 08 00 59
2015 5 08 00 59
2015 5 08 00 59
2015 5 08 00 59
2015 5 08 00 59
2015 5 08 01 05
2015 5 08 01 05
2015 5 08 01 36
2015 5 08 01 36
2015 5 08 02 25
2015 5 08 03 18
2015 5 08 03 18
2015 5 08 03 19
2015 5 08 03 24
2015 5 08 03 24
2015 5 08 03 59
2015 5 08 03 59
2015 5 08 05 38
2015 5 08 05 38
2015 5 08 05 59
2015 5 08 05 59
2015 5 08 05 59
2015 5 08 06 00
2015 5 08 06 00
2015 5 08 06 00
2015 5 08 06 00
2015 5 08 06 00
2015 5 08 06 00
2015 5 08 06 00
2015 5 08 06 00
2015 5 08 06 00
2015 5 08 06 00
2015 5 08 06 00
2015 5 08 06 00
2015 5 08 06 03
2015 5 08 06 04
2015 5 08 06 04
2015 5 08 06 04
2015 5 08 06 04
2015 5 08 06 04
2015 5 08 06 04
2015 5 08 06 04
2015 5 08 06 04
2015 5 08 06 04
2015 5 08 06 04
2015 5 08 06 04
2015 5 08 06 04
2015 5 08 06 04
2015 5 08 06 04
2015 5 08 06 04
2015 5 08 06 04
2015 5 08 06 04
2015 5 08 06 04
2015 5 08 06 04
2015 5 08 06 04
2015 5 08 06 04
2015 5 08 06 05
2015 5 08 06 18
2015 5 08 06 18
2015 5 08 06 19
2015 5 08 06 19
2015 5 08 06 19
2015 5 08 06 19
2015 5 08 06 19
2015 5 08 06 19
2015 5 08 06 19
2015 5 08 06 19
2015 5 08 06 19
2015 5 08 06 21
2015 5 08 06 21
2015 5 08 06 21
2015 5 08 06 21
2015 5 08 06 21
2015 5 08 06 21
2015 5 08 06 21
2015 5 08 06 21
2015 5 08 06 21
2015 5 08 06 36
2015 5 08 06 36
2015 5 08 06 37
2015 5 08 08 56
2015 5 08 09 59
2015 5 08 09 59
2015 5 08 10 00
2015 5 08 10 00
2015 5 08 10 00
2015 5 08 10 00
2015 5 08 10 00
2015 5 08 10 00
2015 5 08 10 59
2015 5 08 10 59
2015 5 08 12 00
2015 5 08 12 00
2015 5 08 12 31
2015 5 08 12 31
2015 5 08 12 31
2015 5 08 12 31
2015 5 08 12 31
2015 5 08 12 31
2015 5 08 12 32
2015 5 08 12 32
2015 5 08 13 11
2015 5 08 13 13
2015 5 08 14 08
2015 5 08 14 08
2015 5 08 14 09
2015 5 08 14 09
2015 5 08 15 30
2015 5 08 15 30
2015 5 08 15 39
2015 5 08 16 01
2015 5 08 16 01
2015 5 08 16 02
2015 5 08 16 15
2015 5 08 16 15
2015 5 08 16 15
2015 5 08 16 15
2015 5 08 16 15
2015 5 08 16 15
2015 5 08 16 15
2015 5 08 16 15
2015 5 08 16 15
2015 5 08 16 15
2015 5 08 16 15
2015 5 08 16 58
2015 5 08 16 58
2015 5 08 17 11
2015 5 08 18 08
2015 5 08 18 08
2015 5 08 18 19
2015 5 08 18 19
2015 5 08 18 19
2015 5 08 18 19
2015 5 08 18 19
2015 5 08 18 19
2015 5 08 18 22
2015 5 08 18 30
2015 5 08 18 30
2015 5 08 19 05
2015 5 08 19 05
2015 5 08 19 31
2015 5 08 19 39
2015 5 08 19 48
2015 5 08 19 57
2015 5 08 20 00
2015 5 08 20 00
2015 5 08 20 07
2015 5 08 20 13
2015 5 08 20 14
2015 5 08 20 14
2015 5 08 20 14
2015 5 08 20 14
2015 5 08 20 14
2015 5 08 20 15
2015 5 08 20 22
2015 5 08 20 22
2015 5 08 20 22
2015 5 08 20 35
2015 5 08 20 42
2015 5 08 20 42
2015 5 08 20 44
2015 5 08 22 16
2015 5 08 22 26
2015 5 08 22 28
2015 5 08 22 28
2015 5 08 22 34
2015 5 08 22 41
2015 5 08 22 50
2015 5 08 22 57
2015 5 08 23 04
2015 5 08 23 12
2015 5 08 23 19
2015 5 08 23 28
2015 5 08 23 52
2015 5 09 00 35
2015 5 09 01 00
2015 5 09 01 00
2015 5 09 01 11
2015 5 09 01 11
2015 5 09 01 11
2015 5 09 01 11
2015 5 09 01 11
2015 5 09 01 11
2015 5 09 01 11
2015 5 09 01 11
2015 5 09 01 11
2015 5 09 01 11
2015 5 09 01 11
2015 5 09 01 11
2015 5 09 01 12
2015 5 09 01 12
2015 5 09 01 12
2015 5 09 01 12
2015 5 09 01 12
2015 5 09 01 12
2015 5 09 01 12
2015 5 09 01 12
2015 5 09 01 12
2015 5 09 01 20
2015 5 09 01 20
2015 5 09 01 20
2015 5 09 01 20
2015 5 09 01 20
2015 5 09 01 20
2015 5 09 01 20
2015 5 09 01 20
2015 5 09 01 20
2015 5 09 01 29
2015 5 09 01 30
2015 5 09 01 31
2015 5 09 01 31
2015 5 09 01 31
2015 5 09 01 31
2015 5 09 01 31
2015 5 09 02 19
2015 5 09 03 23
2015 5 09 03 23
2015 5 09 03 41
2015 5 09 03 41
2015 5 09 03 41
2015 5 09 03 41
2015 5 09 03 41
2015 5 09 03 41
2015 5 09 03 53
2015 5 09 03 53
2015 5 09 03 58
2015 5 09 04 28
2015 5 09 04 29
2015 5 09 05 04
2015 5 09 05 04
2015 5 09 05 04
2015 5 09 05 05
2015 5 09 05 05
2015 5 09 05 05
2015 5 09 05 05
2015 5 09 05 05
2015 5 09 05 05
2015 5 09 05 07
2015 5 09 05 07
2015 5 09 05 07
2015 5 09 05 07
2015 5 09 05 07
2015 5 09 06 33
2015 5 09 07 39
2015 5 09 09 04
2015 5 09 09 05
2015 5 09 09 24
2015 5 09 11 32
2015 5 09 11 41
2015 5 09 11 49
2015 5 09 12 07
2015 5 09 12 07
2015 5 09 12 44
2015 5 09 12 52
2015 5 09 13 10
2015 5 09 13 17
2015 5 09 13 17
2015 5 09 13 26
2015 5 09 13 26
2015 5 09 13 59
2015 5 09 14 00
2015 5 09 14 23
2015 5 09 14 24
2015 5 09 14 35
2015 5 09 15 01
2015 5 09 16 06
2015 5 09 16 06
2015 5 09 16 07
2015 5 09 16 07
2015 5 09 16 07
2015 5 09 16 08
2015 5 09 16 08
2015 5 09 16 08
2015 5 09 16 08
2015 5 09 16 08
2015 5 09 16 08
2015 5 09 16 17
2015 5 09 16 18
2015 5 09 16 18
2015 5 09 16 18
2015 5 09 16 18
2015 5 09 16 18
2015 5 09 16 18
2015 5 09 16 18
2015 5 09 16 18
2015 5 09 16 20
2015 5 09 16 20
2015 5 09 16 36
2015 5 09 16 37
2015 5 09 16 38
2015 5 09 17 00
2015 5 09 17 00
2015 5 09 17 01
2015 5 09 17 29
2015 5 09 17 38
2015 5 09 17 39
2015 5 09 17 39
2015 5 09 17 39
2015 5 09 17 39
2015 5 09 17 40
2015 5 09 17 40
2015 5 09 17 41
2015 5 09 17 41
2015 5 09 17 46
2015 5 09 17 46
2015 5 09 17 55
2015 5 09 17 55
2015 5 09 19 19
2015 5 09 20 48
2015 5 09 20 48
2015 5 09 21 03
2015 5 09 21 03
2015 5 09 21 26
2015 5 09 21 26
2015 5 09 21 26
2015 5 09 21 27
2015 5 09 21 27
2015 5 09 21 27
2015 5 09 22 24
2015 5 09 22 24
2015 5 09 22 24
2015 5 09 22 24
2015 5 09 22 24
2015 5 09 22 24
2015 5 09 23 05
2015 5 09 23 08
2015 5 09 23 09
2015 5 09 23 43
2015 5 10 00 21
2015 5 10 02 18
2015 5 10 02 18
2015 5 10 02 31
2015 5 10 02 32
2015 5 10 02 36
2015 5 10 02 36
2015 5 10 02 36
2015 5 10 02 36
2015 5 10 02 36
2015 5 10 02 36
2015 5 10 02 36
2015 5 10 02 36
2015 5 10 02 36
2015 5 10 02 37
2015 5 10 03 37
2015 5 10 03 37
2015 5 10 03 37
2015 5 10 03 37
2015 5 10 03 37
2015 5 10 03 37
2015 5 10 04 08
2015 5 10 04 08
2015 5 10 04 08
2015 5 10 04 08
2015 5 10 04 08
2015 5 10 04 08
2015 5 10 04 43
2015 5 10 05 47
2015 5 10 08 04
2015 5 10 08 04
2015 5 10 08 06
2015 5 10 08 07
2015 5 10 08 47
2015 5 10 08 47
2015 5 10 08 55
2015 5 10 09 00
2015 5 10 09 00
2015 5 10 09 00
2015 5 10 09 01
2015 5 10 09 53
2015 5 10 09 53
2015 5 10 09 53
2015 5 10 09 53
2015 5 10 09 53
2015 5 10 09 53
2015 5 10 09 57
2015 5 10 10 22
2015 5 10 10 22
2015 5 10 10 22
2015 5 10 10 22
2015 5 10 10 22
2015 5 10 10 22
2015 5 10 10 22
2015 5 10 10 22
2015 5 10 10 22
2015 5 10 10 22
2015 5 10 10 22
2015 5 10 10 22
2015 5 10 11 10
2015 5 10 11 10
2015 5 10 11 10
2015 5 10 11 10
2015 5 10 11 10
2015 5 10 11 10
2015 5 10 11 57
2015 5 10 11 57
2015 5 10 12 02
2015 5 10 12 02
2015 5 10 12 22
2015 5 10 12 22
2015 5 10 12 32
2015 5 10 13 19
2015 5 10 14 01
2015 5 10 14 01
2015 5 10 14 01
2015 5 10 14 01
2015 5 10 14 01
2015 5 10 14 01
2015 5 10 14 01
2015 5 10 14 25
2015 5 10 14 39
2015 5 10 15 01
2015 5 10 15 01
2015 5 10 15 02
2015 5 10 15 02
2015 5 10 15 18
2015 5 10 15 18
2015 5 10 16 01
2015 5 10 16 29
2015 5 10 17 00
2015 5 10 17 00
2015 5 10 17 00
2015 5 10 17 58
2015 5 10 18 01
2015 5 10 18 08
2015 5 10 18 08
2015 5 10 18 08
2015 5 10 18 08
2015 5 10 18 08
2015 5 10 18 08
2015 5 10 18 16
2015 5 10 18 16
2015 5 10 18 17
2015 5 10 18 17
2015 5 10 18 17
2015 5 10 18 17
2015 5 10 18 17
2015 5 10 18 26
2015 5 10 19 36
2015 5 10 20 09
2015 5 10 20 16
2015 5 10 20 16
2015 5 10 21 31
2015 5 10 21 48
2015 5 10 22 40
2015 5 10 22 51
2015 5 10 23 22
2015 5 10 23 22
2015 5 10 23 29
2015 5 10 23 35
2015 5 10 23 39
2015 5 10 23 40
2015 5 11 00 10
2015 5 11 00 10
2015 5 11 00 34
2015 5 11 00 34
2015 5 11 02 16
2015 5 11 02 34
2015 5 11 02 34
2015 5 11 02 34
2015 5 11 02 34
2015 5 11 02 34
2015 5 11 02 34
2015 5 11 02 34
2015 5 11 02 48
2015 5 11 02 48
2015 5 11 02 48
2015 5 11 02 48
2015 5 11 02 48
2015 5 11 02 48
2015 5 11 02 48
2015 5 11 02 48
2015 5 11 02 48
2015 5 11 03 14
2015 5 11 04 04
2015 5 11 04 04
2015 5 11 04 06
2015 5 11 04 06
2015 5 11 04 07
2015 5 11 04 08
2015 5 11 04 08
2015 5 11 04 08
2015 5 11 04 08
2015 5 11 04 09
2015 5 11 04 12
2015 5 11 04 12
2015 5 11 04 12
2015 5 11 04 12
2015 5 11 04 13
2015 5 11 04 13
2015 5 11 04 13
2015 5 11 04 13
2015 5 11 04 13
2015 5 11 04 14
2015 5 11 04 14
2015 5 11 04 15
2015 5 11 04 27
2015 5 11 04 48
2015 5 11 04 48
2015 5 11 04 49
2015 5 11 04 49
2015 5 11 04 49
2015 5 11 04 49
2015 5 11 04 49
2015 5 11 06 49
2015 5 11 08 15
2015 5 11 08 15
2015 5 11 08 15
2015 5 11 08 15
2015 5 11 08 15
2015 5 11 08 15
2015 5 11 08 26
2015 5 11 08 46
2015 5 11 08 47
2015 5 11 09 16
2015 5 11 09 16
2015 5 11 09 27
2015 5 11 09 56
2015 5 11 10 15
2015 5 11 10 17
2015 5 11 10 23
2015 5 11 10 23
2015 5 11 10 23
2015 5 11 10 23
2015 5 11 10 23
2015 5 11 10 23
2015 5 11 10 23
2015 5 11 10 23
2015 5 11 10 23
2015 5 11 10 23
2015 5 11 10 38
2015 5 11 10 38
2015 5 11 10 54
2015 5 11 10 54
2015 5 11 10 54
2015 5 11 10 54
2015 5 11 10 54
2015 5 11 10 54
2015 5 11 10 55
2015 5 11 10 55
2015 5 11 11 15
2015 5 11 12 01
2015 5 11 12 37
2015 5 11 12 41
2015 5 11 12 41
2015 5 11 12 45
2015 5 11 12 57
2015 5 11 13 15
2015 5 11 13 25
2015 5 11 13 30
2015 5 11 13 39
2015 5 11 13 39
2015 5 11 13 52
2015 5 11 13 52
2015 5 11 13 57
2015 5 11 13 58
2015 5 11 13 58
2015 5 11 13 58
2015 5 11 13 58
2015 5 11 13 58
2015 5 11 13 58
2015 5 11 14 08
2015 5 11 14 14
2015 5 11 14 14
2015 5 11 14 51
2015 5 11 15 55
2015 5 11 15 55
2015 5 11 16 02
2015 5 11 16 02
2015 5 11 16 02
2015 5 11 16 02
2015 5 11 16 02
2015 5 11 16 02
2015 5 11 16 25
2015 5 11 16 25
2015 5 11 17 00
2015 5 11 17 06
2015 5 11 17 06
2015 5 11 17 16
2015 5 11 17 16
2015 5 11 17 20
2015 5 11 18 25
2015 5 11 18 25
2015 5 11 18 44
2015 5 11 18 53
2015 5 11 18 53
2015 5 11 19 43
2015 5 11 20 03
2015 5 11 20 09
2015 5 11 20 09
2015 5 11 21 41
2015 5 11 21 41
2015 5 11 22 21
2015 5 11 22 21
2015 5 11 22 21
2015 5 11 22 21
2015 5 11 22 21
2015 5 11 22 21
2015 5 11 23 23
2015 5 11 23 23
2015 5 11 23 41
2015 5 12 00 21
2015 5 12 00 21
2015 5 12 01 36
2015 5 12 01 36
2015 5 12 01 44
2015 5 12 02 00
2015 5 12 02 01
2015 5 12 02 04
2015 5 12 02 04
2015 5 12 02 04
2015 5 12 02 04
2015 5 12 02 04
2015 5 12 04 03
2015 5 12 05 49
2015 5 12 05 53
2015 5 12 05 53
2015 5 12 05 53
2015 5 12 05 53
2015 5 12 05 53
2015 5 12 05 53
2015 5 12 05 54
2015 5 12 06 43
2015 5 12 07 04
2015 5 12 08 16
2015 5 12 08 47
2015 5 12 08 48
2015 5 12 08 57
2015 5 12 10 06
2015 5 12 10 21
2015 5 12 10 21
2015 5 12 10 34
2015 5 12 11 36
2015 5 12 11 36
2015 5 12 11 36
2015 5 12 11 36
2015 5 12 11 36
2015 5 12 11 36
2015 5 12 12 43
2015 5 12 12 43
2015 5 12 13 02
2015 5 12 13 13
2015 5 12 13 14
2015 5 12 18 36
2015 5 12 18 36
2015 5 12 21 53
2015 5 12 22 09
2015 5 12 22 09
2015 5 12 22 16
2015 5 12 22 18
2015 5 12 22 18
2015 5 12 22 18
2015 5 12 22 18
2015 5 12 22 23
2015 5 12 22 23
2015 5 12 22 23
2015 5 12 22 37
2015 5 12 22 37
2015 5 12 22 38
2015 5 13 00 11
2015 5 13 00 22
2015 5 13 01 16
2015 5 13 01 41
2015 5 13 01 57
2015 5 13 02 04
2015 5 13 02 16
2015 5 13 02 36
2015 5 13 03 43
2015 5 13 03 43
2015 5 13 03 43
2015 5 13 03 43
2015 5 13 03 43
2015 5 13 03 43
2015 5 13 03 47
2015 5 13 03 47
2015 5 13 03 47
2015 5 13 03 47
2015 5 13 03 47
2015 5 13 03 47
2015 5 13 03 47
2015 5 13 03 47
2015 5 13 03 48
2015 5 13 03 48
2015 5 13 03 48
2015 5 13 03 48
2015 5 13 03 48
2015 5 13 03 49
2015 5 13 06 14
2015 5 13 06 14
2015 5 13 06 33
2015 5 13 07 39
2015 5 13 07 39
2015 5 13 07 39
2015 5 13 07 39
2015 5 13 07 39
2015 5 13 07 39
2015 5 13 07 39
2015 5 13 07 39
2015 5 13 07 39
2015 5 13 07 39
2015 5 13 08 19
2015 5 13 08 41
2015 5 13 08 41
2015 5 13 09 54
2015 5 13 09 54
2015 5 13 09 56
2015 5 13 10 04
2015 5 13 12 34
2015 5 13 12 40
2015 5 13 12 46
2015 5 13 13 28
2015 5 13 13 30
2015 5 13 13 31
2015 5 13 13 44
2015 5 13 13 44
2015 5 13 14 40
2015 5 13 14 40
2015 5 13 15 15
2015 5 13 15 15
2015 5 13 17 09
2015 5 13 17 09
2015 5 13 18 07
2015 5 13 18 07
2015 5 13 20 02
2015 5 13 20 02
2015 5 13 20 24
2015 5 13 20 27
2015 5 13 20 58
2015 5 13 20 58
2015 5 13 21 51
2015 5 13 21 51
2015 5 13 22 00
2015 5 13 22 00
2015 5 13 22 02
2015 5 13 22 48
2015 5 13 23 27
2015 5 13 23 40
2015 5 13 23 40
2015 5 13 23 42
2015 5 13 23 43
2015 5 13 23 54
2015 5 14 00 02
2015 5 14 00 08
2015 5 14 00 08
2015 5 14 00 09
2015 5 14 00 52
2015 5 14 01 31
2015 5 14 02 23
2015 5 14 06 02
2015 5 14 06 03
2015 5 14 07 47
2015 5 14 07 47
2015 5 14 07 47
2015 5 14 07 47
2015 5 14 07 47
2015 5 14 07 47
2015 5 14 07 47
2015 5 14 07 47
2015 5 14 07 47
2015 5 14 07 47
2015 5 14 07 47
2015 5 14 07 47
2015 5 14 07 47
2015 5 14 07 47
2015 5 14 07 47
2015 5 14 07 48
2015 5 14 07 48
2015 5 14 07 48
2015 5 14 07 48
2015 5 14 07 48
2015 5 14 07 48
2015 5 14 07 48
2015 5 14 07 48
2015 5 14 07 48
2015 5 14 07 48
2015 5 14 07 50
2015 5 14 07 54
2015 5 14 07 54
2015 5 14 07 54
2015 5 14 07 54
2015 5 14 07 54
2015 5 14 07 54
2015 5 14 07 54
2015 5 14 07 54
2015 5 14 07 55
2015 5 14 07 55
2015 5 14 07 55
2015 5 14 07 58
2015 5 14 07 58
2015 5 14 08 02
2015 5 14 09 25
2015 5 14 09 25
2015 5 14 09 57
2015 5 14 09 57
2015 5 14 09 57
2015 5 14 09 57
2015 5 14 09 57
2015 5 14 09 57
2015 5 14 11 41
2015 5 14 11 42
2015 5 14 11 42
2015 5 14 11 51
2015 5 14 11 53
2015 5 14 12 58
2015 5 14 12 58
2015 5 14 12 59
2015 5 14 13 00
2015 5 14 13 00
2015 5 14 13 26
2015 5 14 13 26
2015 5 14 14 42
2015 5 14 14 43
2015 5 14 14 43
2015 5 14 14 43
2015 5 14 14 43
2015 5 14 14 43
2015 5 14 15 23
2015 5 14 15 23
2015 5 14 15 23
2015 5 14 15 25
2015 5 14 15 25
2015 5 14 15 25
2015 5 14 15 25
2015 5 14 15 25
2015 5 14 15 25
2015 5 14 15 27
2015 5 14 15 27
2015 5 14 15 29
2015 5 14 15 29
2015 5 14 15 29
2015 5 14 15 29
2015 5 14 15 29
2015 5 14 15 29
2015 5 14 15 30
2015 5 14 15 30
2015 5 14 15 30
2015 5 14 15 30
2015 5 14 15 31
2015 5 14 16 42
2015 5 14 16 42
2015 5 14 16 42
2015 5 14 16 58
2015 5 14 17 18
2015 5 14 17 18
2015 5 14 17 33
2015 5 14 19 34
2015 5 14 19 35
2015 5 14 20 03
2015 5 14 20 18
2015 5 14 20 18
2015 5 14 20 18
2015 5 14 20 19
2015 5 14 20 19
2015 5 14 20 19
2015 5 14 20 19
2015 5 14 20 19
2015 5 14 20 19
2015 5 14 20 19
2015 5 14 20 19
2015 5 14 20 19
2015 5 14 20 19
2015 5 14 20 19
2015 5 14 20 19
2015 5 14 20 19
2015 5 14 20 39
2015 5 14 20 56
2015 5 14 21 28
2015 5 14 21 28
2015 5 14 21 29
2015 5 14 21 29
2015 5 14 21 48
2015 5 14 21 48
2015 5 14 21 48
2015 5 14 21 49
2015 5 14 21 49
2015 5 14 21 49
2015 5 14 21 50
2015 5 14 21 50
2015 5 14 22 23
2015 5 14 22 55
2015 5 14 22 55
2015 5 14 22 55
2015 5 14 22 55
2015 5 14 22 55
2015 5 14 22 55
2015 5 14 22 55
2015 5 14 22 55
2015 5 14 22 55
2015 5 14 22 55
2015 5 14 22 55
2015 5 14 22 55
2015 5 14 23 24
2015 5 14 23 26
2015 5 15 03 52
2015 5 15 03 52
2015 5 15 04 23
2015 5 15 04 23
2015 5 15 06 05
2015 5 15 06 05
2015 5 15 06 05
2015 5 15 06 05
2015 5 15 06 05
2015 5 15 06 05
2015 5 15 06 05
2015 5 15 06 05
2015 5 15 06 05
2015 5 15 06 05
2015 5 15 06 05
2015 5 15 06 30
2015 5 15 06 30
2015 5 15 06 42
2015 5 15 06 45
2015 5 15 07 52
2015 5 15 09 12
2015 5 15 09 36
2015 5 15 10 26
2015 5 15 10 29
2015 5 15 10 29
2015 5 15 10 29
2015 5 15 10 29
2015 5 15 10 29
2015 5 15 10 29
2015 5 15 10 33
2015 5 15 10 33
2015 5 15 10 33
2015 5 15 10 33
2015 5 15 10 33
2015 5 15 10 33
2015 5 15 10 34
2015 5 15 10 52
2015 5 15 11 24
2015 5 15 11 25
2015 5 15 11 25
2015 5 15 11 25
2015 5 15 11 25
2015 5 15 11 25
2015 5 15 11 26
2015 5 15 11 26
2015 5 15 11 26
2015 5 15 11 26
2015 5 15 11 26
2015 5 15 11 26
2015 5 15 11 26
2015 5 15 11 54
2015 5 15 13 00
2015 5 15 13 15
2015 5 15 13 17
2015 5 15 13 34
2015 5 15 13 34
2015 5 15 13 34
2015 5 15 13 34
2015 5 15 13 34
2015 5 15 13 34
2015 5 15 13 47
2015 5 15 14 05
2015 5 15 14 05
2015 5 15 14 05
2015 5 15 14 05
2015 5 15 14 06
2015 5 15 14 06
2015 5 15 14 06
2015 5 15 14 40
2015 5 15 14 40
2015 5 15 14 41
2015 5 15 14 41
2015 5 15 14 41
2015 5 15 14 41
2015 5 15 14 41
2015 5 15 15 35
2015 5 15 15 35
2015 5 15 15 35
2015 5 15 15 35
2015 5 15 15 35
2015 5 15 15 35
2015 5 15 15 35
2015 5 15 15 35
2015 5 15 15 35
2015 5 15 15 35
2015 5 15 15 36
2015 5 15 15 38
2015 5 15 15 38
2015 5 15 15 39
2015 5 15 17 28
2015 5 15 19 36
2015 5 15 19 36
2015 5 15 20 23
2015 5 15 20 23
2015 5 15 23 21
2015 5 15 23 21
2015 5 15 23 26
2015 5 15 23 26
2015 5 15 23 41
2015 5 15 23 41
2015 5 15 23 43
2015 5 15 23 43
2015 5 15 23 43
2015 5 16 00 03
2015 5 16 00 13
2015 5 16 00 14
2015 5 16 00 14
2015 5 16 00 14
2015 5 16 00 14
2015 5 16 00 14
2015 5 16 00 14
2015 5 16 00 14
2015 5 16 00 14
2015 5 16 00 14
2015 5 16 03 56
2015 5 16 03 56
2015 5 16 05 13
2015 5 16 05 24
2015 5 16 05 24
2015 5 16 05 24
2015 5 16 05 24
2015 5 16 05 24
2015 5 16 05 24
2015 5 16 05 25
2015 5 16 05 25
2015 5 16 05 25
2015 5 16 05 25
2015 5 16 05 25
2015 5 16 05 25
2015 5 16 05 25
2015 5 16 05 25
2015 5 16 05 26
2015 5 16 05 26
2015 5 16 05 26
2015 5 16 05 26
2015 5 16 05 26
2015 5 16 05 26
2015 5 16 05 26
2015 5 16 05 26
2015 5 16 05 26
2015 5 16 05 26
2015 5 16 05 26
2015 5 16 05 26
2015 5 16 05 26
2015 5 16 05 26
2015 5 16 05 26
2015 5 16 05 28
2015 5 16 05 29
2015 5 16 05 29
2015 5 16 05 41
2015 5 16 05 42
2015 5 16 05 42
2015 5 16 05 42
2015 5 16 05 42
2015 5 16 05 44
2015 5 16 05 44
2015 5 16 05 44
2015 5 16 05 45
2015 5 16 05 45
2015 5 16 05 45
2015 5 16 05 45
2015 5 16 05 45
2015 5 16 05 46
2015 5 16 05 46
2015 5 16 05 46
2015 5 16 05 46
2015 5 16 05 47
2015 5 16 06 04
2015 5 16 06 05
2015 5 16 06 05
2015 5 16 06 05
2015 5 16 06 05
2015 5 16 06 05
2015 5 16 06 05
2015 5 16 06 05
2015 5 16 06 05
2015 5 16 06 05
2015 5 16 06 06
2015 5 16 06 06
2015 5 16 06 06
2015 5 16 06 06
2015 5 16 06 06
2015 5 16 06 06
2015 5 16 06 06
2015 5 16 06 06
2015 5 16 06 06
2015 5 16 06 06
2015 5 16 06 06
2015 5 16 06 07
2015 5 16 06 07
2015 5 16 06 07
2015 5 16 06 07
2015 5 16 06 07
2015 5 16 06 07
2015 5 16 06 07
2015 5 16 07 06
2015 5 16 07 08
2015 5 16 07 13
2015 5 16 07 16
2015 5 16 07 16
2015 5 16 07 16
2015 5 16 07 16
2015 5 16 07 16
2015 5 16 09 05
2015 5 16 09 44
2015 5 16 09 44
2015 5 16 10 55
2015 5 16 10 55
2015 5 16 11 13
2015 5 16 11 13
2015 5 16 11 14
2015 5 16 11 14
2015 5 16 11 15
2015 5 16 12 32
2015 5 16 12 33
2015 5 16 12 50
2015 5 16 12 50
2015 5 16 12 50
2015 5 16 12 50
2015 5 16 12 50
2015 5 16 12 50
2015 5 16 12 51
2015 5 16 12 51
2015 5 16 12 51
2015 5 16 12 54
2015 5 16 12 57
2015 5 16 12 58
2015 5 16 13 35
2015 5 16 13 35
2015 5 16 13 35
2015 5 16 13 35
2015 5 16 13 35
2015 5 16 15 02
2015 5 16 15 27
2015 5 16 15 27
2015 5 16 15 27
2015 5 16 15 27
2015 5 16 15 27
2015 5 16 15 27
2015 5 16 15 34
2015 5 16 15 34
2015 5 16 16 06
2015 5 16 16 06
2015 5 16 16 41
2015 5 16 16 41
2015 5 16 16 41
2015 5 16 16 42
2015 5 16 16 42
2015 5 16 16 42
2015 5 16 16 43
2015 5 16 18 21
2015 5 16 18 25
2015 5 16 18 25
2015 5 16 19 30
2015 5 16 19 30
2015 5 16 19 50
2015 5 16 19 52
2015 5 16 19 52
2015 5 16 21 09
2015 5 16 21 24
2015 5 16 21 24
2015 5 16 23 51
2015 5 17 00 38
2015 5 17 00 38
2015 5 17 00 38
2015 5 17 00 38
2015 5 17 00 38
2015 5 17 00 38
2015 5 17 00 38
2015 5 17 00 38
2015 5 17 00 38
2015 5 17 01 01
2015 5 17 01 01
2015 5 17 01 01
2015 5 17 01 01
2015 5 17 01 01
2015 5 17 01 01
2015 5 17 01 01
2015 5 17 01 01
2015 5 17 01 01
2015 5 17 01 01
2015 5 17 01 59
2015 5 17 02 57
2015 5 17 02 58
2015 5 17 02 58
2015 5 17 02 58
2015 5 17 02 58
2015 5 17 02 58
2015 5 17 02 58
2015 5 17 02 58
2015 5 17 02 58
2015 5 17 02 58
2015 5 17 02 58
2015 5 17 02 58
2015 5 17 02 58
2015 5 17 02 58
2015 5 17 02 58
2015 5 17 02 58
2015 5 17 02 58
2015 5 17 02 58
2015 5 17 02 58
2015 5 17 02 58
2015 5 17 02 58
2015 5 17 02 58
2015 5 17 02 58
2015 5 17 02 58
2015 5 17 02 58
2015 5 17 02 58
2015 5 17 02 58
2015 5 17 02 58
2015 5 17 02 58
2015 5 17 02 58
2015 5 17 02 58
2015 5 17 02 58
2015 5 17 02 58
2015 5 17 02 58
2015 5 17 02 58
2015 5 17 05 13
2015 5 17 05 27
2015 5 17 05 28
2015 5 17 05 42
2015 5 17 05 48
2015 5 17 06 32
2015 5 17 06 33
2015 5 17 06 33
2015 5 17 06 33
2015 5 17 06 33
2015 5 17 06 33
2015 5 17 08 11
2015 5 17 08 38
2015 5 17 08 47
2015 5 17 08 52
2015 5 17 11 14
2015 5 17 11 14
2015 5 17 11 14
2015 5 17 11 15
2015 5 17 11 15
2015 5 17 11 15
2015 5 17 11 15
2015 5 17 11 15
2015 5 17 11 15
2015 5 17 11 55
2015 5 17 11 55
2015 5 17 11 59
2015 5 17 12 07
2015 5 17 12 14
2015 5 17 12 21
2015 5 17 12 25
2015 5 17 12 36
2015 5 17 12 43
2015 5 17 12 45
2015 5 17 12 50
2015 5 17 12 51
2015 5 17 13 39
2015 5 17 13 39
2015 5 17 13 39
2015 5 17 13 39
2015 5 17 13 39
2015 5 17 13 39
2015 5 17 13 40
2015 5 17 13 40
2015 5 17 13 41
2015 5 17 13 42
2015 5 17 13 42
2015 5 17 13 43
2015 5 17 14 15
2015 5 17 14 51
2015 5 17 14 51
2015 5 17 15 13
2015 5 17 15 13
2015 5 17 15 13
2015 5 17 15 13
2015 5 17 15 13
2015 5 17 15 18
2015 5 17 15 18
2015 5 17 15 26
2015 5 17 15 26
2015 5 17 15 26
2015 5 17 15 26
2015 5 17 15 26
2015 5 17 15 26
2015 5 17 15 27
2015 5 17 15 46
2015 5 17 15 46
2015 5 17 15 53
2015 5 17 15 53
2015 5 17 17 08
2015 5 17 17 09
2015 5 17 17 30
2015 5 17 17 30
2015 5 17 17 54
2015 5 17 17 54
2015 5 17 18 06
2015 5 17 18 06
2015 5 17 18 17
2015 5 17 18 23
2015 5 17 19 06
2015 5 17 19 18
2015 5 17 19 18
2015 5 17 21 06
2015 5 17 21 33
2015 5 17 21 55
2015 5 17 22 09
2015 5 17 22 09
2015 5 17 22 10
2015 5 17 22 19
2015 5 17 22 19
2015 5 17 22 42
2015 5 17 22 42
2015 5 17 23 53
2015 5 17 23 54
2015 5 18 00 06
2015 5 18 00 06
2015 5 18 00 06
2015 5 18 00 06
2015 5 18 00 06
2015 5 18 00 06
2015 5 18 02 42
2015 5 18 03 08
2015 5 18 03 08
2015 5 18 03 09
2015 5 18 03 09
2015 5 18 03 09
2015 5 18 03 09
2015 5 18 03 09
2015 5 18 03 14
2015 5 18 03 21
2015 5 18 03 25
2015 5 18 03 25
2015 5 18 04 48
2015 5 18 06 07
2015 5 18 06 07
2015 5 18 06 21
2015 5 18 06 26
2015 5 18 06 26
2015 5 18 06 26
2015 5 18 06 26
2015 5 18 06 26
2015 5 18 06 26
2015 5 18 06 31
2015 5 18 07 43
2015 5 18 07 44
2015 5 18 07 44
2015 5 18 07 44
2015 5 18 07 44
2015 5 18 07 44
2015 5 18 07 44
2015 5 18 07 44
2015 5 18 07 44
2015 5 18 07 44
2015 5 18 09 51
2015 5 18 11 20
2015 5 18 11 20
2015 5 18 12 14
2015 5 18 12 20
2015 5 18 12 32
2015 5 18 14 23
2015 5 18 14 23
2015 5 18 15 13
2015 5 18 15 13
2015 5 18 16 35
2015 5 18 16 35
2015 5 18 17 23
2015 5 18 17 23
2015 5 18 17 23
2015 5 18 17 23
2015 5 18 17 23
2015 5 18 17 23
2015 5 18 17 35
2015 5 18 17 35
2015 5 18 18 05
2015 5 18 18 05
2015 5 18 18 50
2015 5 18 18 50
2015 5 18 20 24
2015 5 18 20 24
2015 5 18 20 24
2015 5 18 20 24
2015 5 18 20 24
2015 5 18 20 24
2015 5 18 20 52
2015 5 18 20 54
2015 5 18 20 56
2015 5 18 21 01
2015 5 18 21 01
2015 5 18 22 57
2015 5 18 22 57
2015 5 18 23 40
2015 5 18 23 43
2015 5 19 01 17
2015 5 19 02 59
2015 5 19 07 33
2015 5 19 07 33
2015 5 19 07 33
2015 5 19 07 33
2015 5 19 07 33
2015 5 19 07 33
2015 5 19 07 33
2015 5 19 10 02
2015 5 19 14 37
2015 5 19 14 38
2015 5 19 14 38
2015 5 19 14 38
2015 5 19 14 38
2015 5 19 15 47
2015 5 19 15 47
2015 5 19 15 48
2015 5 19 15 48
2015 5 19 15 48
2015 5 19 15 48
2015 5 19 15 48
2015 5 19 15 48
2015 5 19 15 48
2015 5 19 15 48
2015 5 19 15 48
2015 5 19 15 48
2015 5 19 15 48
2015 5 19 15 48
2015 5 19 19 08
2015 5 19 19 08
2015 5 19 19 13
2015 5 19 20 17
2015 5 19 20 21
2015 5 19 21 55
2015 5 19 21 55
2015 5 19 21 55
2015 5 19 21 56
2015 5 19 21 56
2015 5 19 21 56
2015 5 19 21 56
2015 5 19 21 56
2015 5 20 00 31
2015 5 20 01 15
2015 5 20 01 15
2015 5 20 02 34
2015 5 20 02 34
2015 5 20 02 41
2015 5 20 14 59
2015 5 20 14 59
2015 5 20 14 59
2015 5 20 14 59
2015 5 20 14 59
2015 5 20 14 59
2015 5 20 15 06
2015 5 20 15 40
2015 5 20 15 40
2015 5 20 16 03
2015 5 20 16 03
2015 5 20 17 15
2015 5 20 17 34
2015 5 20 18 26
2015 5 20 18 26
2015 5 20 18 40
2015 5 20 19 31
2015 5 20 19 39
2015 5 20 20 45
2015 5 20 20 45
2015 5 20 20 45
2015 5 20 20 45
2015 5 20 20 45
2015 5 20 20 45
2015 5 20 20 45
2015 5 20 20 45
2015 5 20 20 45
2015 5 20 20 45
2015 5 20 20 45
2015 5 20 20 45
2015 5 20 23 10
2015 5 20 23 10
2015 5 20 23 10
2015 5 20 23 10
2015 5 20 23 10
2015 5 20 23 10
2015 5 20 23 18
2015 5 20 23 18
2015 5 20 23 18
2015 5 20 23 18
2015 5 20 23 18
2015 5 20 23 18
2015 5 20 23 46
2015 5 20 23 46
2015 5 20 23 46
2015 5 20 23 46
2015 5 20 23 46
2015 5 20 23 47
2015 5 20 23 47
2015 5 20 23 47
2015 5 20 23 47
2015 5 20 23 47
2015 5 21 00 19
2015 5 21 00 19
2015 5 21 00 28
2015 5 21 00 28
2015 5 21 00 28
2015 5 21 00 28
2015 5 21 00 28
2015 5 21 00 28
2015 5 21 00 28
2015 5 21 00 28
2015 5 21 00 28
2015 5 21 01 18
2015 5 21 03 04
2015 5 21 03 04
2015 5 21 05 01
2015 5 21 05 12
2015 5 21 05 12
2015 5 21 05 12
2015 5 21 05 12
2015 5 21 05 12
2015 5 21 05 12
2015 5 21 06 04
2015 5 21 06 04
2015 5 21 06 04
2015 5 21 06 04
2015 5 21 06 04
2015 5 21 06 04
2015 5 21 06 09
2015 5 21 06 33
2015 5 21 06 36
2015 5 21 06 38
2015 5 21 06 54
2015 5 21 06 54
2015 5 21 06 54
2015 5 21 06 54
2015 5 21 06 54
2015 5 21 06 54
2015 5 21 06 54
2015 5 21 06 54
2015 5 21 06 54
2015 5 21 06 54
2015 5 21 06 54
2015 5 21 06 54
2015 5 21 06 56
2015 5 21 06 58
2015 5 21 06 58
2015 5 21 08 37
2015 5 21 10 43
2015 5 21 11 37
2015 5 21 11 37
2015 5 21 11 38
2015 5 21 11 42
2015 5 21 11 45
2015 5 21 11 45
2015 5 21 11 45
2015 5 21 11 45
2015 5 21 11 45
2015 5 21 11 45
2015 5 21 11 47
2015 5 21 11 47
2015 5 21 11 47
2015 5 21 11 48
2015 5 21 13 44
2015 5 21 14 41
2015 5 21 14 41
2015 5 21 14 45
2015 5 21 14 49
2015 5 21 14 49
2015 5 21 14 53
2015 5 21 15 21
2015 5 21 15 23
2015 5 21 15 23
2015 5 21 15 59
2015 5 21 15 59
2015 5 21 17 02
2015 5 21 17 02
2015 5 21 18 59
2015 5 21 18 59
2015 5 21 19 30
2015 5 21 20 09
2015 5 21 20 09
2015 5 21 20 09
2015 5 21 20 09
2015 5 21 20 09
2015 5 21 20 09
2015 5 21 20 10
2015 5 21 20 10
2015 5 21 20 50
2015 5 21 20 50
2015 5 21 20 50
2015 5 21 20 50
2015 5 21 20 50
2015 5 21 20 50
2015 5 21 21 29
2015 5 21 21 29
2015 5 21 22 44
2015 5 21 22 44
2015 5 21 22 55
2015 5 21 22 55
2015 5 22 00 58
2015 5 22 00 58
2015 5 22 00 58
2015 5 22 00 58
2015 5 22 00 58
2015 5 22 00 58
2015 5 22 00 58
2015 5 22 00 58
2015 5 22 00 58
2015 5 22 02 21
2015 5 22 02 21
2015 5 22 05 08
2015 5 22 05 08
2015 5 22 05 08
2015 5 22 05 08
2015 5 22 05 08
2015 5 22 05 08
2015 5 22 05 08
2015 5 22 05 08
2015 5 22 05 08
2015 5 22 05 42
2015 5 22 06 12
2015 5 22 06 12
2015 5 22 06 12
2015 5 22 06 12
2015 5 22 06 12
2015 5 22 06 12
2015 5 22 11 26
2015 5 22 11 26
2015 5 22 11 26
2015 5 22 11 35
2015 5 22 13 30
2015 5 22 13 30
2015 5 22 13 57
2015 5 22 13 57
2015 5 22 13 57
2015 5 22 13 57
2015 5 22 13 57
2015 5 22 13 57
2015 5 22 14 01
2015 5 22 14 01
2015 5 22 14 21
2015 5 22 14 21
2015 5 22 14 22
2015 5 22 14 22
2015 5 22 14 23
2015 5 22 14 44
2015 5 22 14 44
2015 5 22 15 44
2015 5 22 17 44
2015 5 22 17 44
2015 5 22 17 44
2015 5 22 17 44
2015 5 22 18 00
2015 5 22 18 00
2015 5 22 18 19
2015 5 22 18 19
2015 5 22 20 30
2015 5 22 20 30
2015 5 22 20 31
2015 5 22 20 31
2015 5 22 20 32
2015 5 22 20 32
2015 5 22 20 32
2015 5 22 20 32
2015 5 22 20 32
2015 5 22 20 34
2015 5 22 21 04
2015 5 22 21 04
2015 5 22 21 10
2015 5 22 21 10
2015 5 22 21 37
2015 5 22 21 37
2015 5 22 21 37
2015 5 22 21 37
2015 5 22 21 38
2015 5 22 22 21
2015 5 22 22 21
2015 5 22 22 43
2015 5 22 22 43
2015 5 22 23 58
2015 5 23 00 16
2015 5 23 00 16
2015 5 23 03 53
2015 5 23 03 53
2015 5 23 03 53
2015 5 23 04 02
2015 5 23 04 07
2015 5 23 07 21
2015 5 23 07 21
2015 5 23 07 32
2015 5 23 07 49
2015 5 23 08 07
2015 5 23 08 07
2015 5 23 08 07
2015 5 23 08 07
2015 5 23 08 07
2015 5 23 08 07
2015 5 23 08 07
2015 5 23 08 07
2015 5 23 08 07
2015 5 23 08 46
2015 5 23 08 46
2015 5 23 08 55
2015 5 23 08 55
2015 5 23 08 55
2015 5 23 08 55
2015 5 23 08 55
2015 5 23 08 55
2015 5 23 09 23
2015 5 23 09 24
2015 5 23 09 24
2015 5 23 09 24
2015 5 23 09 24
2015 5 23 09 24
2015 5 23 10 14
2015 5 23 10 18
2015 5 23 10 31
2015 5 23 10 47
2015 5 23 10 47
2015 5 23 10 47
2015 5 23 10 47
2015 5 23 10 47
2015 5 23 10 47
2015 5 23 10 47
2015 5 23 10 47
2015 5 23 10 47
2015 5 23 10 47
2015 5 23 10 47
2015 5 23 10 47
2015 5 23 10 47
2015 5 23 10 47
2015 5 23 10 47
2015 5 23 10 47
2015 5 23 10 47
2015 5 23 13 27
2015 5 23 13 28
2015 5 23 14 33
2015 5 23 14 33
2015 5 23 16 10
2015 5 23 16 52
2015 5 23 16 52
2015 5 23 17 00
2015 5 23 17 00
2015 5 23 17 04
2015 5 23 17 04
2015 5 23 17 12
2015 5 23 17 12
2015 5 23 17 12
2015 5 23 17 27
2015 5 23 19 06
2015 5 23 20 13
2015 5 23 20 14
2015 5 23 20 14
2015 5 23 20 30
2015 5 23 20 30
2015 5 23 22 38
2015 5 23 22 38
2015 5 23 22 38
2015 5 23 22 38
2015 5 23 22 38
2015 5 23 22 38
2015 5 23 22 38
2015 5 23 22 43
2015 5 23 22 43
2015 5 23 22 55
2015 5 23 22 55
2015 5 23 22 55
2015 5 23 22 55
2015 5 23 22 55
2015 5 23 22 55
2015 5 23 22 55
2015 5 23 23 19
2015 5 24 00 42
2015 5 24 00 42
2015 5 24 01 10
2015 5 24 01 22
2015 5 24 01 22
2015 5 24 01 24
2015 5 24 01 33
2015 5 24 01 37
2015 5 24 01 55
2015 5 24 01 55
2015 5 24 01 55
2015 5 24 01 55
2015 5 24 01 55
2015 5 24 01 55
2015 5 24 01 55
2015 5 24 01 55
2015 5 24 01 55
2015 5 24 02 28
2015 5 24 02 28
2015 5 24 02 32
2015 5 24 02 33
2015 5 24 03 03
2015 5 24 03 55
2015 5 24 04 09
2015 5 24 04 20
2015 5 24 04 20
2015 5 24 04 20
2015 5 24 04 20
2015 5 24 04 23
2015 5 24 04 23
2015 5 24 04 23
2015 5 24 04 31
2015 5 24 04 31
2015 5 24 04 31
2015 5 24 04 31
2015 5 24 04 31
2015 5 24 04 31
2015 5 24 04 37
2015 5 24 06 35
2015 5 24 06 54
2015 5 24 07 43
2015 5 24 09 15
2015 5 24 09 15
2015 5 24 09 48
2015 5 24 09 54
2015 5 24 09 54
2015 5 24 09 54
2015 5 24 09 54
2015 5 24 09 54
2015 5 24 09 54
2015 5 24 09 57
2015 5 24 10 29
2015 5 24 10 29
2015 5 24 10 58
2015 5 24 12 00
2015 5 24 12 01
2015 5 24 12 01
2015 5 24 12 06
2015 5 24 12 06
2015 5 24 12 22
2015 5 24 13 36
2015 5 24 13 36
2015 5 24 13 54
2015 5 24 13 54
2015 5 24 13 54
2015 5 24 13 54
2015 5 24 13 54
2015 5 24 13 54
2015 5 24 13 54
2015 5 24 13 54
2015 5 24 13 54
2015 5 24 13 54
2015 5 24 13 54
2015 5 24 13 54
2015 5 24 13 54
2015 5 24 13 54
2015 5 24 13 54
2015 5 24 13 54
2015 5 24 13 54
2015 5 24 13 54
2015 5 24 13 54
2015 5 24 13 54
2015 5 24 13 54
2015 5 24 13 54
2015 5 24 13 54
2015 5 24 13 54
2015 5 24 13 54
2015 5 24 13 54
2015 5 24 13 54
2015 5 24 13 54
2015 5 24 13 54
2015 5 24 13 54
2015 5 24 13 54
2015 5 24 13 54
2015 5 24 13 54
2015 5 24 13 54
2015 5 24 13 54
2015 5 24 13 54
2015 5 24 14 06
2015 5 24 14 06
2015 5 24 14 19
2015 5 24 14 19
2015 5 24 15 25
2015 5 24 15 25
2015 5 24 15 25
2015 5 24 15 25
2015 5 24 15 25
2015 5 24 15 25
2015 5 24 15 25
2015 5 24 15 25
2015 5 24 15 25
2015 5 24 15 25
2015 5 24 15 25
2015 5 24 15 25
2015 5 24 15 40
2015 5 24 15 41
2015 5 24 15 57
2015 5 24 15 57
2015 5 24 15 57
2015 5 24 15 57
2015 5 24 15 57
2015 5 24 15 57
2015 5 24 16 01
2015 5 24 16 13
2015 5 24 16 13
2015 5 24 16 50
2015 5 24 16 50
2015 5 24 16 50
2015 5 24 16 50
2015 5 24 16 50
2015 5 24 16 50
2015 5 24 16 57
2015 5 24 16 57
2015 5 24 16 57
2015 5 24 16 57
2015 5 24 16 57
2015 5 24 16 58
2015 5 24 16 58
2015 5 24 16 58
2015 5 24 16 58
2015 5 24 16 58
2015 5 24 16 58
2015 5 24 16 58
2015 5 24 16 58
2015 5 24 16 58
2015 5 24 16 58
2015 5 24 16 59
2015 5 24 16 59
2015 5 24 16 59
2015 5 24 16 59
2015 5 24 16 59
2015 5 24 16 59
2015 5 24 16 59
2015 5 24 16 59
2015 5 24 16 59
2015 5 24 16 59
2015 5 24 16 59
2015 5 24 17 00
2015 5 24 17 00
2015 5 24 17 00
2015 5 24 17 00
2015 5 24 17 00
2015 5 24 17 00
2015 5 24 17 00
2015 5 24 17 00
2015 5 24 17 01
2015 5 24 17 01
2015 5 24 17 01
2015 5 24 17 01
2015 5 24 17 01
2015 5 24 17 01
2015 5 24 17 01
2015 5 24 17 02
2015 5 24 17 03
2015 5 24 17 04
2015 5 24 17 04
2015 5 24 17 04
2015 5 24 17 05
2015 5 24 17 05
2015 5 24 17 05
2015 5 24 17 07
2015 5 24 17 08
2015 5 24 17 12
2015 5 24 17 12
2015 5 24 17 12
2015 5 24 17 13
2015 5 24 17 13
2015 5 24 17 16
2015 5 24 17 16
2015 5 24 17 16
2015 5 24 17 17
2015 5 24 17 18
2015 5 24 17 18
2015 5 24 17 19
2015 5 24 17 20
2015 5 24 17 20
2015 5 24 17 22
2015 5 24 17 31
2015 5 24 17 33
2015 5 24 17 33
2015 5 24 17 34
2015 5 24 17 36
2015 5 24 17 36
2015 5 24 17 36
2015 5 24 17 36
2015 5 24 17 36
2015 5 24 17 36
2015 5 24 17 36
2015 5 24 17 36
2015 5 24 17 36
2015 5 24 17 36
2015 5 24 17 36
2015 5 24 17 36
2015 5 24 17 37
2015 5 24 17 37
2015 5 24 17 37
2015 5 24 17 37
2015 5 24 17 37
2015 5 24 17 37
2015 5 24 17 37
2015 5 24 17 37
2015 5 24 17 42
2015 5 24 17 52
2015 5 24 17 54
2015 5 24 17 55
2015 5 24 18 05
2015 5 24 18 10
2015 5 24 18 19
2015 5 24 18 45
2015 5 24 18 45
2015 5 24 19 03
2015 5 24 19 03
2015 5 24 19 32
2015 5 24 19 32
2015 5 24 20 19
2015 5 24 20 58
2015 5 24 20 58
2015 5 24 21 46
2015 5 24 23 13
2015 5 24 23 13
2015 5 24 23 22
2015 5 24 23 35
2015 5 25 02 23
2015 5 25 02 57
2015 5 25 03 12
2015 5 25 03 12
2015 5 25 03 14
2015 5 25 05 05
2015 5 25 05 42
2015 5 25 06 28
2015 5 25 06 28
2015 5 25 07 21
2015 5 25 07 27
2015 5 25 07 27
2015 5 25 07 34
2015 5 25 08 41
2015 5 25 08 41
2015 5 25 08 41
2015 5 25 08 44
2015 5 25 08 44
2015 5 25 10 16
2015 5 25 10 16
2015 5 25 10 16
2015 5 25 10 16
2015 5 25 10 16
2015 5 25 10 16
2015 5 25 12 25
2015 5 25 13 12
2015 5 25 13 12
2015 5 25 13 29
2015 5 25 13 32
2015 5 25 13 32
2015 5 25 13 32
2015 5 25 13 32
2015 5 25 13 33
2015 5 25 13 35
2015 5 25 13 59
2015 5 25 14 19
2015 5 25 15 11
2015 5 25 15 23
2015 5 25 16 34
2015 5 25 16 59
2015 5 25 16 59
2015 5 25 17 00
2015 5 25 17 22
2015 5 25 17 22
2015 5 25 17 50
2015 5 25 18 37
2015 5 25 18 38
2015 5 25 19 48
2015 5 25 20 14
2015 5 25 20 14
2015 5 25 20 27
2015 5 25 20 35
2015 5 25 20 37
2015 5 25 21 16
2015 5 25 21 16
2015 5 25 21 33
2015 5 25 21 33
2015 5 25 22 06
2015 5 25 22 50
2015 5 25 22 51
2015 5 25 22 52
2015 5 25 22 57
2015 5 25 23 10
2015 5 25 23 10
2015 5 25 23 10
2015 5 25 23 10
2015 5 25 23 10
2015 5 25 23 10
2015 5 25 23 11
2015 5 25 23 19
2015 5 25 23 19
2015 5 25 23 19
2015 5 25 23 19
2015 5 25 23 19
2015 5 25 23 19
2015 5 26 01 00
2015 5 26 01 36
2015 5 26 01 44
2015 5 26 03 21
2015 5 26 03 38
2015 5 26 03 58
2015 5 26 04 27
2015 5 26 05 31
2015 5 26 05 40
2015 5 26 06 03
2015 5 26 06 12
2015 5 26 06 12
2015 5 26 06 12
2015 5 26 06 12
2015 5 26 06 12
2015 5 26 06 12
2015 5 26 06 12
2015 5 26 06 14
2015 5 26 06 54
2015 5 26 07 00
2015 5 26 07 04
2015 5 26 07 51
2015 5 26 08 20
2015 5 26 13 54
2015 5 26 13 54
2015 5 26 13 54
2015 5 26 19 07
2015 5 26 19 07
2015 5 26 19 07
2015 5 26 19 07
2015 5 26 19 07
2015 5 26 19 07
2015 5 26 20 22
2015 5 26 20 29
2015 5 26 20 31
2015 5 26 20 36
2015 5 26 21 12
2015 5 26 21 12
2015 5 26 22 41
2015 5 26 22 42
2015 5 26 23 00
2015 5 26 23 27
2015 5 26 23 47
2015 5 26 23 52
2015 5 26 23 53
2015 5 26 23 53
2015 5 27 00 05
2015 5 27 00 19
2015 5 27 00 22
2015 5 27 00 29
2015 5 27 00 33
2015 5 27 00 41
2015 5 27 01 41
2015 5 27 01 41
2015 5 27 02 05
2015 5 27 02 05
2015 5 27 02 18
2015 5 27 04 13
2015 5 27 06 21
2015 5 27 06 55
2015 5 27 10 57
2015 5 27 11 06
2015 5 27 15 26
2015 5 27 15 36
2015 5 27 16 45
2015 5 27 16 45
2015 5 27 16 45
2015 5 27 16 45
2015 5 27 16 45
2015 5 27 16 45
2015 5 27 16 47
2015 5 27 16 47
2015 5 27 16 49
2015 5 27 17 29
2015 5 27 17 44
2015 5 27 18 03
2015 5 27 18 03
2015 5 27 18 03
2015 5 27 18 09
2015 5 27 18 09
2015 5 27 18 34
2015 5 27 19 24
2015 5 27 19 24
2015 5 27 19 24
2015 5 27 19 24
2015 5 27 19 24
2015 5 27 19 24
2015 5 27 19 24
2015 5 27 19 24
2015 5 27 19 24
2015 5 27 19 33
2015 5 27 19 33
2015 5 27 19 42
2015 5 27 19 44
2015 5 27 20 31
2015 5 27 21 29
2015 5 27 21 57
2015 5 27 21 57
2015 5 27 23 07
2015 5 28 00 05
2015 5 28 00 05
2015 5 28 00 30
2015 5 28 00 30
2015 5 28 00 30
2015 5 28 00 30
2015 5 28 00 30
2015 5 28 00 30
2015 5 28 00 44
2015 5 28 00 44
2015 5 28 01 00
2015 5 28 01 01
2015 5 28 01 34
2015 5 28 02 56
2015 5 28 02 56
2015 5 28 02 56
2015 5 28 02 56
2015 5 28 02 56
2015 5 28 03 09
2015 5 28 03 39
2015 5 28 03 39
2015 5 28 03 39
2015 5 28 03 39
2015 5 28 05 23
2015 5 28 05 23
2015 5 28 05 24
2015 5 28 05 24
2015 5 28 05 36
2015 5 28 05 36
2015 5 28 05 36
2015 5 28 05 36
2015 5 28 05 36
2015 5 28 05 36
2015 5 28 05 36
2015 5 28 05 36
2015 5 28 05 36
2015 5 28 07 09
2015 5 28 07 50
2015 5 28 09 30
2015 5 28 09 30
2015 5 28 09 30
2015 5 28 09 30
2015 5 28 09 30
2015 5 28 09 30
2015 5 28 09 47
2015 5 28 09 54
2015 5 28 09 57
2015 5 28 09 59
2015 5 28 10 56
2015 5 28 10 56
2015 5 28 11 39
2015 5 28 12 09
2015 5 28 12 12
2015 5 28 12 12
2015 5 28 12 39
2015 5 28 12 39
2015 5 28 14 18
2015 5 28 14 29
2015 5 28 14 29
2015 5 28 14 29
2015 5 28 14 30
2015 5 28 14 30
2015 5 28 14 30
2015 5 28 14 46
2015 5 28 15 19
2015 5 28 15 23
2015 5 28 15 37
2015 5 28 15 37
2015 5 28 15 37
2015 5 28 15 37
2015 5 28 15 37
2015 5 28 15 37
2015 5 28 15 39
2015 5 28 16 31
2015 5 28 16 40
2015 5 28 16 40
2015 5 28 16 40
2015 5 28 16 41
2015 5 28 16 41
2015 5 28 17 13
2015 5 28 18 46
2015 5 28 18 54
2015 5 28 19 10
2015 5 28 19 10
2015 5 28 19 14
2015 5 28 19 24
2015 5 28 19 24
2015 5 28 20 29
2015 5 28 21 08
2015 5 28 21 36
2015 5 28 21 36
2015 5 28 21 50
2015 5 28 21 53
2015 5 28 21 53
2015 5 28 22 15
2015 5 28 22 15
2015 5 28 22 15
2015 5 28 22 15
2015 5 28 22 15
2015 5 28 22 15
2015 5 28 22 52
2015 5 28 22 52
2015 5 28 23 01
2015 5 29 00 53
2015 5 29 01 01
2015 5 29 02 48
2015 5 29 03 15
2015 5 29 03 15
2015 5 29 03 15
2015 5 29 03 15
2015 5 29 03 15
2015 5 29 03 18
2015 5 29 03 18
2015 5 29 03 18
2015 5 29 03 18
2015 5 29 03 18
2015 5 29 03 18
2015 5 29 03 43
2015 5 29 04 02
2015 5 29 04 02
2015 5 29 04 02
2015 5 29 04 02
2015 5 29 04 02
2015 5 29 04 02
2015 5 29 05 23
2015 5 29 05 23
2015 5 29 05 23
2015 5 29 05 23
2015 5 29 05 23
2015 5 29 05 23
2015 5 29 05 25
2015 5 29 05 25
2015 5 29 05 25
2015 5 29 05 25
2015 5 29 05 25
2015 5 29 05 25
2015 5 29 05 48
2015 5 29 05 48
2015 5 29 05 48
2015 5 29 05 48
2015 5 29 05 48
2015 5 29 05 48
2015 5 29 07 19
2015 5 29 07 20
2015 5 29 07 20
2015 5 29 07 20
2015 5 29 07 20
2015 5 29 07 20
2015 5 29 07 20
2015 5 29 07 20
2015 5 29 07 21
2015 5 29 07 21
2015 5 29 07 46
2015 5 29 07 46
2015 5 29 07 52
2015 5 29 07 53
2015 5 29 07 53
2015 5 29 07 53
2015 5 29 07 53
2015 5 29 07 53
2015 5 29 07 53
2015 5 29 09 58
2015 5 29 09 58
2015 5 29 09 58
2015 5 29 09 58
2015 5 29 10 07
2015 5 29 10 07
2015 5 29 10 07
2015 5 29 10 07
2015 5 29 10 07
2015 5 29 10 07
2015 5 29 10 07
2015 5 29 10 07
2015 5 29 10 07
2015 5 29 10 07
2015 5 29 10 07
2015 5 29 10 07
2015 5 29 10 07
2015 5 29 10 07
2015 5 29 10 07
2015 5 29 10 07
2015 5 29 10 07
2015 5 29 10 07
2015 5 29 10 07
2015 5 29 10 07
2015 5 29 10 07
2015 5 29 10 07
2015 5 29 10 07
2015 5 29 10 07
2015 5 29 10 07
2015 5 29 10 07
2015 5 29 10 07
2015 5 29 10 07
2015 5 29 10 07
2015 5 29 10 07
2015 5 29 10 07
2015 5 29 10 07
2015 5 29 10 07
2015 5 29 10 07
2015 5 29 10 07
2015 5 29 10 07
2015 5 29 10 07
2015 5 29 10 07
2015 5 29 10 07
2015 5 29 10 07
2015 5 29 10 07
2015 5 29 10 07
2015 5 29 10 07
2015 5 29 10 07
2015 5 29 10 07
2015 5 29 10 07
2015 5 29 10 07
2015 5 29 10 07
2015 5 29 10 07
2015 5 29 10 07
2015 5 29 10 07
2015 5 29 10 07
2015 5 29 10 07
2015 5 29 10 07
2015 5 29 10 07
2015 5 29 10 07
2015 5 29 10 07
2015 5 29 10 07
2015 5 29 10 07
2015 5 29 10 07
2015 5 29 10 07
2015 5 29 10 07
2015 5 29 10 07
2015 5 29 10 07
2015 5 29 10 07
2015 5 29 10 07
2015 5 29 10 07
2015 5 29 10 07
2015 5 29 10 07
2015 5 29 10 07
2015 5 29 10 07
2015 5 29 10 07
2015 5 29 10 07
2015 5 29 10 07
2015 5 29 10 07
2015 5 29 10 07
2015 5 29 10 07
2015 5 29 10 07
2015 5 29 10 07
2015 5 29 10 07
2015 5 29 10 07
2015 5 29 10 07
2015 5 29 10 07
2015 5 29 10 07
2015 5 29 10 07
2015 5 29 10 07
2015 5 29 10 07
2015 5 29 10 07
2015 5 29 10 07
2015 5 29 10 07
2015 5 29 10 07
2015 5 29 10 07
2015 5 29 10 07
2015 5 29 10 07
2015 5 29 10 07
2015 5 29 10 07
2015 5 29 10 07
2015 5 29 10 12
2015 5 29 10 47
2015 5 29 10 47
2015 5 29 12 10
2015 5 29 12 10
2015 5 29 12 53
2015 5 29 12 53
2015 5 29 13 58
2015 5 29 14 00
2015 5 29 14 00
2015 5 29 14 20
2015 5 29 14 21
2015 5 29 15 06
2015 5 29 15 06
2015 5 29 16 07
2015 5 29 16 08
2015 5 29 17 52
2015 5 29 17 52
2015 5 29 17 52
2015 5 29 17 52
2015 5 29 17 52
2015 5 29 17 52
2015 5 29 17 52
2015 5 29 17 53
2015 5 29 17 53
2015 5 29 17 54
2015 5 29 17 54
2015 5 29 18 21
2015 5 29 18 21
2015 5 29 18 21
2015 5 29 18 21
2015 5 29 18 21
2015 5 29 18 21
2015 5 29 18 24
2015 5 29 18 25
2015 5 29 18 30
2015 5 29 18 30
2015 5 29 18 30
2015 5 29 18 30
2015 5 29 18 30
2015 5 29 18 30
2015 5 29 19 04
2015 5 29 19 04
2015 5 29 19 34
2015 5 29 19 34
2015 5 29 19 53
2015 5 29 20 16
2015 5 29 20 16
2015 5 29 20 37
2015 5 29 20 47
2015 5 29 20 47
2015 5 29 21 20
2015 5 29 21 20
2015 5 29 21 24
2015 5 29 21 24
2015 5 29 21 24
2015 5 29 21 24
2015 5 29 21 24
2015 5 29 22 07
2015 5 29 22 07
2015 5 29 22 10
2015 5 29 22 10
2015 5 29 22 21
2015 5 29 22 21
2015 5 29 22 21
2015 5 29 22 21
2015 5 29 22 21
2015 5 29 22 21
2015 5 29 22 24
2015 5 29 22 55
2015 5 30 00 36
2015 5 30 00 44
2015 5 30 00 45
2015 5 30 00 46
2015 5 30 01 29
2015 5 30 01 56
2015 5 30 01 56
2015 5 30 01 56
2015 5 30 01 57
2015 5 30 02 15
2015 5 30 02 34
2015 5 30 02 34
2015 5 30 02 57
2015 5 30 02 57
2015 5 30 03 19
2015 5 30 03 32
2015 5 30 03 32
2015 5 30 03 43
2015 5 30 03 55
2015 5 30 04 47
2015 5 30 04 47
2015 5 30 04 47
2015 5 30 04 47
2015 5 30 04 47
2015 5 30 04 47
2015 5 30 05 33
2015 5 30 05 33
2015 5 30 05 33
2015 5 30 05 33
2015 5 30 05 33
2015 5 30 05 33
2015 5 30 05 34
2015 5 30 05 45
2015 5 30 06 33
2015 5 30 07 31
2015 5 30 08 06
2015 5 30 08 38
2015 5 30 08 38
2015 5 30 08 47
2015 5 30 09 49
2015 5 30 10 11
2015 5 30 10 11
2015 5 30 10 11
2015 5 30 10 11
2015 5 30 10 11
2015 5 30 10 11
2015 5 30 10 12
2015 5 30 10 12
2015 5 30 10 12
2015 5 30 10 35
2015 5 30 10 35
2015 5 30 10 35
2015 5 30 10 35
2015 5 30 10 35
2015 5 30 10 35
2015 5 30 13 02
2015 5 30 13 12
2015 5 30 13 12
2015 5 30 13 12
2015 5 30 14 31
2015 5 30 14 32
2015 5 30 14 51
2015 5 30 14 51
2015 5 30 14 51
2015 5 30 14 51
2015 5 30 14 51
2015 5 30 14 51
2015 5 30 16 11
2015 5 30 16 11
2015 5 30 16 12
2015 5 30 16 24
2015 5 30 16 25
2015 5 30 16 28
2015 5 30 17 06
2015 5 30 17 06
2015 5 30 17 17
2015 5 30 17 18
2015 5 30 17 29
2015 5 30 18 19
2015 5 30 18 19
2015 5 30 19 19
2015 5 30 21 00
2015 5 30 21 00
2015 5 30 23 05
2015 5 30 23 21
2015 5 30 23 21
2015 5 30 23 36
2015 5 30 23 36
2015 5 30 23 36
2015 5 30 23 36
2015 5 30 23 36
2015 5 30 23 36
2015 5 30 23 38
2015 5 30 23 38
2015 5 31 00 21
2015 5 31 00 29
2015 5 31 00 29
2015 5 31 00 30
2015 5 31 00 30
2015 5 31 00 31
2015 5 31 00 31
2015 5 31 00 31
2015 5 31 00 31
2015 5 31 01 27
2015 5 31 01 27
2015 5 31 02 04
2015 5 31 02 04
2015 5 31 02 04
2015 5 31 02 04
2015 5 31 02 04
2015 5 31 02 04
2015 5 31 02 05
2015 5 31 02 05
2015 5 31 02 05
2015 5 31 02 05
2015 5 31 02 05
2015 5 31 02 05
2015 5 31 02 17
2015 5 31 02 17
2015 5 31 02 17
2015 5 31 02 17
2015 5 31 02 17
2015 5 31 02 17
2015 5 31 02 31
2015 5 31 03 57
2015 5 31 03 57
2015 5 31 03 57
2015 5 31 03 57
2015 5 31 03 57
2015 5 31 03 57
2015 5 31 04 34
2015 5 31 04 34
2015 5 31 04 34
2015 5 31 04 34
2015 5 31 04 34
2015 5 31 04 34
2015 5 31 04 43
2015 5 31 05 47
2015 5 31 05 59
2015 5 31 07 35
2015 5 31 08 04
2015 5 31 08 04
2015 5 31 08 07
2015 5 31 08 07
2015 5 31 08 56
2015 5 31 08 56
2015 5 31 08 56
2015 5 31 08 56
2015 5 31 08 56
2015 5 31 08 56
2015 5 31 08 57
2015 5 31 08 57
2015 5 31 09 26
2015 5 31 09 26
2015 5 31 09 42
2015 5 31 09 42
2015 5 31 10 16
2015 5 31 10 16
2015 5 31 11 16
2015 5 31 11 16
2015 5 31 11 17
2015 5 31 11 17
2015 5 31 11 18
2015 5 31 11 18
2015 5 31 11 19
2015 5 31 11 20
2015 5 31 11 20
2015 5 31 11 21
2015 5 31 11 21
2015 5 31 11 34
2015 5 31 11 34
2015 5 31 11 34
2015 5 31 11 34
2015 5 31 11 34
2015 5 31 11 34
2015 5 31 11 34
2015 5 31 11 34
2015 5 31 11 34
2015 5 31 11 34
2015 5 31 11 34
2015 5 31 11 34
2015 5 31 11 34
2015 5 31 11 35
2015 5 31 11 35
2015 5 31 11 41
2015 5 31 11 41
2015 5 31 11 41
2015 5 31 11 41
2015 5 31 11 41
2015 5 31 11 41
2015 5 31 11 41
2015 5 31 11 41
2015 5 31 11 41
2015 5 31 11 41
2015 5 31 11 43
2015 5 31 11 43
2015 5 31 11 44
2015 5 31 13 19
2015 5 31 13 58
2015 5 31 13 58
2015 5 31 13 58
2015 5 31 13 58
2015 5 31 14 05
2015 5 31 14 05
2015 5 31 14 05
2015 5 31 14 05
2015 5 31 14 12
2015 5 31 14 12
2015 5 31 14 12
2015 5 31 14 12
2015 5 31 14 12
2015 5 31 14 12
2015 5 31 14 12
2015 5 31 14 12
2015 5 31 14 12
2015 5 31 14 12
2015 5 31 14 12
2015 5 31 14 12
2015 5 31 14 12
2015 5 31 14 12
2015 5 31 14 12
2015 5 31 14 12
2015 5 31 14 12
2015 5 31 14 12
2015 5 31 14 12
2015 5 31 14 12
2015 5 31 14 12
2015 5 31 14 12
2015 5 31 14 12
2015 5 31 14 12
2015 5 31 14 12
2015 5 31 14 12
2015 5 31 14 12
2015 5 31 14 12
2015 5 31 14 12
2015 5 31 14 12
2015 5 31 14 12
2015 5 31 14 12
2015 5 31 14 12
2015 5 31 14 12
2015 5 31 14 12
2015 5 31 14 12
2015 5 31 14 12
2015 5 31 14 12
2015 5 31 14 12
2015 5 31 14 12
2015 5 31 14 12
2015 5 31 14 12
2015 5 31 14 12
2015 5 31 14 12
2015 5 31 14 12
2015 5 31 14 12
2015 5 31 14 12
2015 5 31 14 12
2015 5 31 14 12
2015 5 31 14 12
2015 5 31 14 12
2015 5 31 14 12
2015 5 31 14 12
2015 5 31 14 12
2015 5 31 14 12
2015 5 31 14 12
2015 5 31 14 12
2015 5 31 14 12
2015 5 31 14 12
2015 5 31 14 12
2015 5 31 14 12
2015 5 31 14 12
2015 5 31 14 12
2015 5 31 14 12
2015 5 31 14 12
2015 5 31 14 12
2015 5 31 14 12
2015 5 31 14 12
2015 5 31 14 12
2015 5 31 14 12
2015 5 31 14 12
2015 5 31 14 12
2015 5 31 14 12
2015 5 31 14 12
2015 5 31 14 12
2015 5 31 14 12
2015 5 31 14 12
2015 5 31 14 12
2015 5 31 14 12
2015 5 31 14 12
2015 5 31 14 12
2015 5 31 14 12
2015 5 31 14 12
2015 5 31 14 12
2015 5 31 14 12
2015 5 31 14 12
2015 5 31 14 12
2015 5 31 14 12
2015 5 31 14 12
2015 5 31 14 12
2015 5 31 14 12
2015 5 31 14 12
2015 5 31 14 12
2015 5 31 14 12
2015 5 31 14 13
2015 5 31 14 13
2015 5 31 14 13
2015 5 31 14 13
2015 5 31 14 18
2015 5 31 14 34
2015 5 31 14 37
2015 5 31 14 37
2015 5 31 14 37
2015 5 31 14 37
2015 5 31 14 40
2015 5 31 15 11
2015 5 31 15 11
2015 5 31 15 59
2015 5 31 16 29
2015 5 31 16 34
2015 5 31 16 34
2015 5 31 16 34
2015 5 31 16 34
2015 5 31 16 34
2015 5 31 16 34
2015 5 31 16 34
2015 5 31 16 34
2015 5 31 17 14
2015 5 31 17 16
2015 5 31 17 21
2015 5 31 18 21
2015 5 31 18 21
2015 5 31 18 26
2015 5 31 19 10
2015 5 31 19 11
2015 5 31 19 11
2015 5 31 19 16
2015 5 31 19 16
2015 5 31 20 56
2015 5 31 21 06
2015 5 31 21 06
2015 5 31 21 11
2015 5 31 21 33
2015 5 31 21 54
2015 5 31 22 00
2015 5 31 22 03
2015 5 31 22 03
2015 5 31 22 03
2015 5 31 22 27
2015 5 31 22 27
2015 5 31 22 33
2015 5 31 22 33
2015 5 31 22 33
2015 5 31 22 33
2015 5 31 22 33
2015 5 31 22 33
2015 5 31 22 45
2015 5 31 22 53
2015 5 31 22 53
2015 5 31 22 53
2015 5 31 22 53
2015 5 31 22 53
2015 5 31 22 53
2015 5 31 22 53
2015 5 31 22 53
2015 5 31 22 53
2015 5 31 22 53
2015 5 31 22 53
2015 5 31 22 53
2015 5 31 22 54
2015 5 31 23 00
2015 5 31 23 00
2015 5 31 23 04
2015 5 31 23 04
2015 5 31 23 07
2015 5 31 23 10
2015 5 31 23 10
2015 5 31 23 21
2015 5 31 23 21
2015 5 31 23 21
2015 5 31 23 21
2015 5 31 23 21
2015 5 31 23 21
2015 5 31 23 21
2015 5 31 23 21
2015 5 31 23 21
2015 5 31 23 21
2015 5 31 23 21
2015 5 31 23 21
2015 5 31 23 21
2015 5 31 23 21
2015 5 31 23 21
2015 5 31 23 27
2015 5 31 23 27
2015 5 31 23 33
2015 5 31 23 47
2015 5 31 23 55
2015 5 31 23 55
2015 5 31 23 55
2015 5 31 23 55
2015 5 31 23 55
2015 5 31 23 55
2015 5 31 23 55
2015 5 31 23 55
2015 5 31 23 55
2015 5 31 23 55
2015 5 31 23 55
2015 5 31 23 55
2015 5 31 23 55
